{
    "camera_matrix": {
        "type_id": "opencv-matrix",
        "rows": 3,
        "cols": 3,
        "dt": "d",
        "data": [ 7.8000022656128886e+02, 0.0, 6.3839168934924317e+02,
            0.0, 7.8212387462406434e+02, 3.7747252160176549e+02, 0.0,
            0.0, 1.0 ]
    },
    "dist_coeff": {
        "type_id": "opencv-matrix",
        "rows": 1,
        "cols": 5,
        "dt": "d",
        "data": [ -1.7957137538929183e-01, 1.1430742552258111e+00,
            4.9669903104233477e-03, 2.2167931295967330e-03,
            -2.1701651146929115e+00 ]
    }
}
